image_width: 2048
image_height: 1536
camera_name: ada_3
camera_matrix:
  rows: 3
  cols: 3
  data: [1072.358385, 0.000000, 1046.476626, 0.000000, 1073.591917, 668.573661, 0.000000, 0.000000, 1.000000]
distortion_model: plumb_bob
distortion_coefficients:
  rows: 1
  cols: 5
  data: [-0.270052, 0.051287, 0.000052, -0.000263, 0.000000]
rectification_matrix:
  rows: 3
  cols: 3
  data: [1.000000, 0.000000, 0.000000, 0.000000, 1.000000, 0.000000, 0.000000, 0.000000, 1.000000]
projection_matrix:
  rows: 3
  cols: 4
  data: [735.868652, 0.000000, 1039.256764, 0.000000, 0.000000, 868.732971, 617.131010, 0.000000, 0.000000, 0.000000, 1.000000, 0.000000]
